QD_file: C:\Users\Ke Lab\Documents\GitHub\Quela_Qblox\qblox_drive_AS\QD_backup\20250321\DRKE#242_SumInfo.pkl
Comments: ---

RO-atte = 36 dB
XY-atte = 0 dB
Reset time = 1000 us

[q0]
    bare   = 4.809310301255909 GHz
    ROF    = 4.80985 GHz
    ROT    = 5.0 us
    XYF    = 3.537458632130211 GHz
    Pi-amp = 0.31222399894140906 V
    Pi-dura= 40.0 ns
    x      = 0.5396987440910339 MHz
    g      = 26.16658039980514 MHz

[q1]
    bare   = 4.910947294406603 GHz
    ROF    = 4.911550208252859 GHz
    ROT    = 4.0 us
    XYF    = 3.8886816899600642 GHz
    Pi-amp = 0.2503541181429948 V
    Pi-dura= 40.0 ns
    x      = 0.6029138462553024 MHz
    g      = 29.955431220191848 MHz

[q2]
    bare   = 5.010059711168352 GHz
    ROF    = 5.010384562697759 GHz
    ROT    = 4.8 us
    XYF    = 3.2338490484923805 GHz
    Pi-amp = 0.4584830637034544 V
    Pi-dura= 40.0 ns
    x      = 0.3248515294075012 MHz
    g      = 21.69439931640346 MHz

[q3]
    bare   = 5.111592345930814 GHz
    ROF    = 5.1119526436393485 GHz
    ROT    = 4.5 us
    XYF    = 3.654864262280459 GHz
    Pi-amp = 0.5090030455533437 V
    Pi-dura= 40.0 ns
    x      = 0.3602977085342407 MHz
    g      = 29.98624163433717 MHz

